-xflr5 v6.61

 Calculated polar for: NACA 64(2)-415

 3 1 Reynolds number ~ 1/CL         Mach number fixed         

 xtrf =   1.000 (top)        1.000 (bottom)
 Mach =   0.240     Re =     0.060 e 6     Ncrit =   9.000

  alpha     CL        CD       CDp       Cm    Top Xtr Bot Xtr   Cpmin    Chinge    XCp    
 ------- -------- --------- --------- -------- ------- ------- -------- --------- ---------
  -8.000  -0.6036   0.00859   0.00397  -0.0703  0.6937  0.0100  -4.6046   0.0000   0.0000   0.0000   0.1230
  -7.750  -0.5741   0.00844   0.00379  -0.0704  0.6869  0.0100  -4.3772   0.0000   0.0000   0.0000   0.1171
  -7.500  -0.5450   0.00824   0.00353  -0.0704  0.6783  0.0102  -4.1770   0.0000   0.0000   0.0000   0.1105
  -7.250  -0.5155   0.00806   0.00330  -0.0705  0.6688  0.0103  -3.9790   0.0000   0.0000   0.0000   0.1030
  -7.000  -0.4857   0.00788   0.00309  -0.0707  0.6583  0.0105  -3.7833   0.0000   0.0000   0.0000   0.0943
  -6.750  -0.4558   0.00769   0.00286  -0.0709  0.6508  0.0113  -3.5897   0.0000   0.0000   0.0000   0.0843
  -6.500  -0.4256   0.00753   0.00269  -0.0711  0.6500  0.0115  -3.4007   0.0000   0.0000   0.0000   0.0727
  -6.250  -0.3953   0.00737   0.00253  -0.0714  0.6489  0.0118  -3.2164   0.0000   0.0000   0.0000   0.0591
  -6.000  -0.3649   0.00722   0.00238  -0.0717  0.6472  0.0124  -3.0371   0.0000   0.0000   0.0000   0.0431
  -5.750  -0.3346   0.00707   0.00223  -0.0720  0.6440  0.0133  -2.8606   0.0000   0.0000   0.0000   0.0242
  -5.500  -0.3045   0.00693   0.00209  -0.0723  0.6375  0.0143  -2.6847   0.0000   0.0000   0.0000   0.0016
  -5.250  -0.2743   0.00684   0.00198  -0.0727  0.6285  0.0151  -2.5118   0.0000   0.0000   0.0000  -0.0260
  -4.750  -0.2137   0.00658   0.00174  -0.0734  0.6076  0.0238  -2.1820   0.0000   0.0000   0.0000  -0.1058
  -4.500  -0.1832   0.00646   0.00163  -0.0738  0.6006  0.0267  -2.0188   0.0000   0.0000   0.0000  -0.1663
  -4.250  -0.1525   0.00636   0.00154  -0.0742  0.5997  0.0278  -1.8576   0.0000   0.0000   0.0000  -0.2516
  -4.000  -0.1217   0.00629   0.00145  -0.0747  0.5983  0.0280  -1.6984   0.0000   0.0000   0.0000  -0.3803
  -3.750  -0.0910   0.00622   0.00138  -0.0751  0.5961  0.0284  -1.5490   0.0000   0.0000   0.0000  -0.5958
  -3.500  -0.0604   0.00616   0.00132  -0.0755  0.5919  0.0332  -1.4049   0.0000   0.0000   0.0000  -1.0288
  -3.250  -0.0299   0.00612   0.00126  -0.0759  0.5855  0.0382  -1.2651   0.0000   0.0000   0.0000  -2.3402
  -3.000   0.0005   0.00607   0.00121  -0.0763  0.5782  0.0431  -1.1297   0.0000   0.0000   0.0000  153.3443
  -2.750   0.0275   0.00638   0.00128  -0.0764  0.6196  0.1953  -1.0030   0.0000   0.0000   0.0000   3.0688
  -2.500   0.0538   0.00608   0.00141  -0.0772  0.6476  0.4887  -0.8821   0.0000   0.0000   0.0000   1.7061
  -2.250   0.0813   0.00690   0.00190  -0.0771  0.6635  0.5350  -0.7602   0.0000   0.0000   0.0000   1.2094
  -2.000   0.1097   0.00775   0.00258  -0.0770  0.6792  0.5743  -0.6412   0.0000   0.0000   0.0000   0.9596
  -1.750   0.1365   0.00885   0.00350  -0.0764  0.6868  0.6098  -0.6249   0.0000   0.0000   0.0000   0.8148
  -1.500   0.1626   0.00978   0.00428  -0.0757  0.6919  0.6282  -0.6357   0.0000   0.0000   0.0000   0.7193
  -1.250   0.1890   0.01087   0.00515  -0.0752  0.6957  0.6434  -0.6462   0.0000   0.0000   0.0000   0.6501
  -1.000   0.2148   0.01173   0.00582  -0.0748  0.6985  0.6589  -0.6560   0.0000   0.0000   0.0000   0.5995
  -0.750   0.2384   0.01271   0.00671  -0.0736  0.7000  0.6727  -0.6647   0.0000   0.0000   0.0000   0.5594
  -0.500   0.2623   0.01373   0.00760  -0.0726  0.7021  0.6864  -0.6731   0.0000   0.0000   0.0000   0.5268
  -0.250   0.2867   0.01471   0.00844  -0.0719  0.7058  0.6981  -0.6816   0.0000   0.0000   0.0000   0.5003
   0.000   0.3071   0.01529   0.00898  -0.0705  0.7068  0.7116  -0.6876   0.0000   0.0000   0.0000   0.4787
   0.250   0.3261   0.01622   0.00988  -0.0686  0.7070  0.7226  -0.6924   0.0000   0.0000   0.0000   0.4590
   0.500   0.3454   0.01722   0.01081  -0.0671  0.7070  0.7346  -0.6995   0.0000   0.0000   0.0000   0.4426
   0.750   0.3651   0.01831   0.01181  -0.0661  0.7070  0.7458  -0.7074   0.0000   0.0000   0.0000   0.4292
   1.000   0.3815   0.01908   0.01255  -0.0645  0.7060  0.7566  -0.7161   0.0000   0.0000   0.0000   0.4169
   1.250   0.3949   0.02011   0.01359  -0.0618  0.7027  0.7662  -0.7246   0.0000   0.0000   0.0000   0.4038
   1.500   0.4057   0.02113   0.01462  -0.0590  0.6996  0.7763  -0.7309   0.0000   0.0000   0.0000   0.3926
   1.750   0.4146   0.02203   0.01553  -0.0565  0.6968  0.7867  -0.7351   0.0000   0.0000   0.0000   0.3831
   2.000   0.4194   0.02296   0.01648  -0.0538  0.6914  0.7954  -0.7359   0.0000   0.0000   0.0000   0.3748
   2.250   0.4215   0.02356   0.01712  -0.0504  0.6834  0.8037  -0.7374   0.0000   0.0000   0.0000   0.3657
   2.500   0.4240   0.02406   0.01768  -0.0463  0.6763  0.8128  -0.7420   0.0000   0.0000   0.0000   0.3549
   2.750   0.4267   0.02479   0.01845  -0.0424  0.6707  0.8227  -0.7461   0.0000   0.0000   0.0000   0.3447
   3.000   0.4312   0.02556   0.01924  -0.0389  0.6663  0.8344  -0.7515   0.0000   0.0000   0.0000   0.3353
   3.250   0.4380   0.02649   0.02016  -0.0362  0.6627  0.8464  -0.7612   0.0000   0.0000   0.0000   0.3273
   3.500   0.4448   0.02715   0.02083  -0.0329  0.6597  0.8597  -0.7752   0.0000   0.0000   0.0000   0.3184
   3.750   0.4540   0.02787   0.02155  -0.0294  0.6569  0.8747  -0.7916   0.0000   0.0000   0.0000   0.3090
   4.000   0.4667   0.02888   0.02253  -0.0270  0.6542  0.8922  -0.8153   0.0000   0.0000   0.0000   0.3017
   4.250   0.4181   0.03025   0.02425  -0.0193  0.6274  0.8945  -0.7832   0.0000   0.0000   0.0000   0.2893
   4.500   0.4224   0.03109   0.02514  -0.0164  0.6214  0.9143  -0.8033   0.0000   0.0000   0.0000   0.2816
   4.750   0.4340   0.03196   0.02601  -0.0142  0.6171  0.9406  -0.8308   0.0000   0.0000   0.0000   0.2753
   5.000   0.4693   0.03444   0.02839  -0.0189  0.6148  0.9751  -0.9011   0.0000   0.0000   0.0000   0.2826
   5.250   0.5032   0.03669   0.03054  -0.0235  0.6127  1.0000  -0.9872   0.0000   0.0000   0.0000   0.2890
   5.500   0.5187   0.03700   0.03074  -0.0226  0.6092  1.0000  -1.0875   0.0000   0.0000   0.0000   0.2856
   5.750   0.5448   0.03807   0.03168  -0.0235  0.6064  1.0000  -1.2158   0.0000   0.0000   0.0000   0.2850
   6.250   0.5333   0.04099   0.03466  -0.0193  0.5759  1.0000  -1.3019   0.0000   0.0000   0.0000   0.2771
   6.500   0.5532   0.04204   0.03564  -0.0192  0.5689  1.0000  -1.4194   0.0000   0.0000   0.0000   0.2754
   6.750   0.5818   0.04282   0.03633  -0.0195  0.5638  1.0000  -1.5666   0.0000   0.0000   0.0000   0.2741
   7.000   0.6155   0.04340   0.03683  -0.0200  0.5592  1.0000  -1.7343   0.0000   0.0000   0.0000   0.2729
   7.250   0.6532   0.04388   0.03724  -0.0206  0.5551  1.0000  -1.9199   0.0000   0.0000   0.0000   0.2717
   7.500   0.6294   0.04566   0.03913  -0.0168  0.5305  1.0000  -1.9111   0.0000   0.0000   0.0000   0.2663
   7.750   0.6555   0.04581   0.03926  -0.0161  0.5186  1.0000  -2.0663   0.0000   0.0000   0.0000   0.2639
   8.000   0.6968   0.04522   0.03865  -0.0159  0.5108  1.0000  -2.2784   0.0000   0.0000   0.0000   0.2620
   8.250   0.7681   0.04213   0.03595  -0.0159  0.5042  1.0000  -2.6728   0.0000   0.0000   0.0000   0.2597
   8.500   0.7418   0.04439   0.03832  -0.0123  0.4758  1.0000  -2.6520   0.0000   0.0000   0.0000   0.2550
   8.750   0.8105   0.03952   0.03358  -0.0104  0.4593  1.0000  -3.0044   0.0000   0.0000   0.0000   0.2510
   9.000   0.8244   0.03818   0.03235  -0.0068  0.4233  1.0000  -3.1453   0.0000   0.0000   0.0000   0.2460
   9.250   0.8656   0.03366   0.02689  -0.0013  0.2962  1.0000  -3.3822   0.0000   0.0000   0.0000   0.2386
   9.500   0.8470   0.03609   0.02868   0.0025  0.2240  1.0000  -3.3687   0.0000   0.0000   0.0000   0.2336
   9.750   0.8370   0.03871   0.03085   0.0054  0.1748  1.0000  -3.3528   0.0000   0.0000   0.0000   0.2297
  10.000   0.8611   0.04082   0.03262   0.0075  0.1366  1.0000  -3.3726   0.0000   0.0000   0.0000   0.2273
  10.250   0.8693   0.04280   0.03461   0.0089  0.1196  1.0000  -3.4099   0.0000   0.0000   0.0000   0.2254
  10.500   0.9036   0.04572   0.03734   0.0094  0.1022  1.0000  -3.4628   0.0000   0.0000   0.0000   0.2251
  10.750   0.9324   0.05111   0.04302   0.0092  0.0957  1.0000  -3.4411   0.0000   0.0000   0.0000   0.2255
  11.000   0.9310   0.05336   0.04546   0.0107  0.0927  1.0000  -3.4517   0.0000   0.0000   0.0000   0.2235
  11.250   0.9282   0.05563   0.04799   0.0120  0.0876  1.0000  -3.4659   0.0000   0.0000   0.0000   0.2216
  11.500   0.9289   0.05820   0.05066   0.0129  0.0831  1.0000  -3.4890   0.0000   0.0000   0.0000   0.2203
  11.750   0.9273   0.06102   0.05357   0.0136  0.0800  1.0000  -3.5065   0.0000   0.0000   0.0000   0.2191
  12.000   0.9247   0.06427   0.05694   0.0141  0.0779  1.0000  -3.5120   0.0000   0.0000   0.0000   0.2182
  12.250   0.9194   0.06793   0.06075   0.0142  0.0766  1.0000  -3.5024   0.0000   0.0000   0.0000   0.2175
  12.500   0.9111   0.07190   0.06487   0.0141  0.0753  1.0000  -3.4843   0.0000   0.0000   0.0000   0.2172
  12.750   0.9008   0.07637   0.06949   0.0135  0.0742  1.0000  -3.4533   0.0000   0.0000   0.0000   0.2173
  13.000   0.8863   0.08157   0.07487   0.0123  0.0731  1.0000  -3.3996   0.0000   0.0000   0.0000   0.2179
  13.250   0.8624   0.08816   0.08169   0.0102  0.0719  1.0000  -3.2985   0.0000   0.0000   0.0000   0.2197
  13.500   0.8366   0.09381   0.08753   0.0075  0.0711  1.0000  -3.2053   0.0000   0.0000   0.0000   0.2220
  13.750   0.8117   0.10003   0.09399   0.0041  0.0704  1.0000  -3.1018   0.0000   0.0000   0.0000   0.2256
  14.000   0.7865   0.10741   0.10157  -0.0003  0.0697  1.0000  -2.9722   0.0000   0.0000   0.0000   0.2307
  14.250   0.7628   0.11581   0.11013  -0.0053  0.0692  1.0000  -2.8184   0.0000   0.0000   0.0000   0.2371
  14.500   0.7443   0.12451   0.11892  -0.0104  0.0692  1.0000  -2.6589   0.0000   0.0000   0.0000   0.2440
  14.750   0.7341   0.13232   0.12668  -0.0145  0.0697  1.0000  -2.5300   0.0000   0.0000   0.0000   0.2497
  15.000   0.7286   0.13973   0.13410  -0.0180  0.0705  1.0000  -2.4149   0.0000   0.0000   0.0000   0.2544
  15.500   0.6949   0.16024   0.15469  -0.0297  0.0819  1.0000  -1.8923   0.0000   0.0000   0.0000   0.2728
  15.750   0.6656   0.17357   0.16812  -0.0378  0.1239  1.0000  -1.4962   0.0000   0.0000   0.0000   0.2872
  16.000   0.6689   0.17845   0.17297  -0.0399  0.1288  1.0000  -1.4532   0.0000   0.0000   0.0000   0.2899
  16.250   0.6727   0.18247   0.17696  -0.0418  0.1288  1.0000  -1.4268   0.0000   0.0000   0.0000   0.2920
  16.500   0.6768   0.18617   0.18062  -0.0436  0.1271  1.0000  -1.4058   0.0000   0.0000   0.0000   0.2940
  16.750   0.6814   0.18974   0.18417  -0.0454  0.1250  1.0000  -1.3890   0.0000   0.0000   0.0000   0.2958
  17.000   0.6866   0.19326   0.18765  -0.0471  0.1230  1.0000  -1.3757   0.0000   0.0000   0.0000   0.2975
  17.250   0.6923   0.19673   0.19108  -0.0487  0.1209  1.0000  -1.3654   0.0000   0.0000   0.0000   0.2989
  17.500   0.6984   0.20015   0.19448  -0.0503  0.1189  1.0000  -1.3582   0.0000   0.0000   0.0000   0.3002
  17.750   0.7049   0.20355   0.19784  -0.0518  0.1169  1.0000  -1.3537   0.0000   0.0000   0.0000   0.3013
  18.000   0.7118   0.20701   0.20133  -0.0532  0.1148  1.0000  -1.3501   0.0000   0.0000   0.0000   0.3022
  18.250   0.7192   0.21047   0.20474  -0.0546  0.1129  1.0000  -1.3504   0.0000   0.0000   0.0000   0.3030
  18.500   0.7271   0.21393   0.20817  -0.0559  0.1111  1.0000  -1.3545   0.0000   0.0000   0.0000   0.3037
  18.750   0.7355   0.21745   0.21165  -0.0572  0.1094  1.0000  -1.3615   0.0000   0.0000   0.0000   0.3042
  19.000   0.7443   0.22103   0.21519  -0.0585  0.1079  1.0000  -1.3713   0.0000   0.0000   0.0000   0.3046
  19.250   0.7536   0.22477   0.21889  -0.0597  0.1064  1.0000  -1.3837   0.0000   0.0000   0.0000   0.3048
  19.500   0.7636   0.22880   0.22288  -0.0609  0.1051  1.0000  -1.3988   0.0000   0.0000   0.0000   0.3050
  19.750   0.7742   0.23326   0.22731  -0.0621  0.1039  1.0000  -1.4165   0.0000   0.0000   0.0000   0.3050
  20.000   0.7856   0.23838   0.23240  -0.0632  0.1027  1.0000  -1.4369   0.0000   0.0000   0.0000   0.3050
  20.250   0.7983   0.24459   0.23857  -0.0644  0.1015  1.0000  -1.4602   0.0000   0.0000   0.0000   0.3049
  20.500   0.8105   0.26997   0.26387  -0.0680  0.0966  1.0000  -1.4235   0.0000   0.0000   0.0000   0.3081
  20.750   0.8122   0.26946   0.26333  -0.0695  0.0961  1.0000  -1.4127   0.0000   0.0000   0.0000   0.3092
  21.000   0.8105   0.26314   0.25697  -0.0707  0.0945  1.0000  -1.4009   0.0000   0.0000   0.0000   0.3101
  21.250   0.7957   0.25024   0.24403  -0.0727  0.0882  1.0000  -1.3372   0.0000   0.0000   0.0000   0.3134
  21.500   0.7999   0.25084   0.24460  -0.0742  0.0814  1.0000  -1.3431   0.0000   0.0000   0.0000   0.3143
  21.750   0.8085   0.25388   0.24762  -0.0754  0.0782  1.0000  -1.3708   0.0000   0.0000   0.0000   0.3142
  22.000   0.8198   0.25804   0.25175  -0.0763  0.0758  1.0000  -1.4304   0.0000   0.0000   0.0000   0.3136
  22.250   0.8372   0.26569   0.25936  -0.0768  0.0738  1.0000  -1.5189   0.0000   0.0000   0.0000   0.3119
  22.500   0.8661   0.28878   0.28237  -0.0777  0.0717  1.0000  -1.6073   0.0000   0.0000   0.0000   0.3100
  22.750   0.8669   0.29029   0.28386  -0.0796  0.0715  1.0000  -1.5741   0.0000   0.0000   0.0000   0.3115
  23.000   0.8662   0.29066   0.28420  -0.0815  0.0713  1.0000  -1.5351   0.0000   0.0000   0.0000   0.3132
  23.250   0.8624   0.28872   0.28223  -0.0835  0.0709  1.0000  -1.4851   0.0000   0.0000   0.0000   0.3154
  23.500   0.8550   0.28424   0.27773  -0.0858  0.0699  1.0000  -1.4164   0.0000   0.0000   0.0000   0.3181
  23.750   0.8504   0.28177   0.27523  -0.0882  0.0672  1.0000  -1.3530   0.0000   0.0000   0.0000   0.3209
  24.000   0.8536   0.28407   0.27752  -0.0900  0.0645  1.0000  -1.3381   0.0000   0.0000   0.0000   0.3222
  24.250   0.8583   0.28713   0.28056  -0.0917  0.0625  1.0000  -1.3352   0.0000   0.0000   0.0000   0.3230
  24.500   0.8635   0.29037   0.28377  -0.0933  0.0607  1.0000  -1.3365   0.0000   0.0000   0.0000   0.3237
  24.750   0.8688   0.29367   0.28704  -0.0948  0.0593  1.0000  -1.3400   0.0000   0.0000   0.0000   0.3243
  25.000   0.8743   0.29696   0.29046  -0.0964  0.0581  1.0000  -1.3442   0.0000   0.0000   0.0000   0.3248


